0632
613
598
386
671
596
588
0
666
0
663
677
673
662
659
667
650
639
624
637
647
630
527
566
529
661
667
660
648
681
662
0
487
0
0
657
633
0
665
642
671
0
617
659
687
677
658
654
673
591
655
0
532
682
677
639
0
688
667
663
662
662
661
662
663
580
488
462
657
627
630
634
677
669
665
668
670
657
642
634
85
403
392
652
637
586
571
498
57
511
0
397
332
25
59
0
657
0
354
666
653
658
626
635
660
638
373
661
683
685
688
686
682
685
687
689
692
693
697
695
644
684
598
689
682
647
589
448
526
701
692
680
702
631
568
655
458
677
674
443
498
660
687
669
639
609
697
688
48
689
683
681
466
699
695
685
680
678
678
677
676
676
676
676
693
654
0
679
696
692
46
441
684
325
674
706
0
677
583
697
0
554
0
656
704
677
679
697
504
700
662
693
667
704
684
583
699
693
0
645
